4	1751	2
2000
1999
1998
1997
1996
1995
1994
1993
1992
1991
1990
1989
1988
1987
1986
1985
1984
1983
1982
1981
1980
1979
1978
1977
1976
1975
1974
1973
1972
1971
1970
1969
1968
1967
1966
1965
1964
1963
1962
1961
1960
1959
1958
1957
1956
1955
1954
1953
1952
1951
1950
1949
1948
1947
1946
1945
1944
1943
1942
1941
1940
1939
1938
1937
1936
1935
1934
1933
1932
1931
1930
1929
1928
1927
1926
1925
1924
1923
1922
1921
1920
1919
1918
1917
1916
1915
1914
1913
1912
1911
1910
1909
1908
1907
1906
1905
1904
1903
1902
1901
1900
1899
1898
1897
1896
1895
1894
1893
1892
1891
1890
1889
1888
1887
1886
1885
1884
1883
1882
1881
1880
1879
1878
1877
1876
1875
1874
1873
1872
1871
1870
1869
1868
1867
1866
1865
1864
1863
1862
1861
1860
1859
1858
1857
1856
1855
1854
1853
1852
1851
1850
1849
1848
1847
1846
1845
1844
1843
1842
1841
1840
1839
1838
1837
1836
1835
1834
1833
1832
1831
1830
1829
1828
1827
1826
1825
1824
1823
1822
1821
1820
1819
1818
1817
1816
1815
1814
1813
1812
1811
1810
1809
1808
1807
1806
1805
1804
1803
1802
1801
1800
1799
1798
1797
1796
1795
1794
1793
1792
1791
1790
1789
1788
1787
1786
1785
1784
1783
1782
1781
1780
1779
1778
1777
1776
1775
1774
1773
1772
1771
1770
1769
1768
1767
1766
1765
1764
1763
1762
1761
1760
1759
1758
1757
1756
1755
1754
1753
1752
1751
1750
1749
1748
1747
1746
1745
1744
1743
1742
1741
1740
1739
1738
1737
1736
1735
1734
1733
1732
1731
1730
1729
1728
1727
1726
1725
1724
1723
1722
1721
1720
1719
1718
1717
1716
1715
1714
1713
1712
1711
1710
1709
1708
1707
1706
1705
1704
1703
1702
1701
1700
1699
1698
1697
1696
1695
1694
1693
1692
1691
1690
1689
1688
1687
1686
1685
1684
1683
1682
1681
1680
1679
1678
1677
1676
1675
1674
1673
1672
1671
1670
1669
1668
1667
1666
1665
1664
1663
1662
1661
1660
1659
1658
1657
1656
1655
1654
1653
1652
1651
1650
1649
1648
1647
1646
1645
1644
1643
1642
1641
1640
1639
1638
1637
1636
1635
1634
1633
1632
1631
1630
1629
1628
1627
1626
1625
1624
1623
1622
1621
1620
1619
1618
1617
1616
1615
1614
1613
1612
1611
1610
1609
1608
1607
1606
1605
1604
1603
1602
1601
1600
1599
1598
1597
1596
1595
1594
1593
1592
1591
1590
1589
1588
1587
1586
1585
1584
1583
1582
1581
1580
1579
1578
1577
1576
1575
1574
1573
1572
1571
1570
1569
1568
1567
1566
1565
1564
1563
1562
1561
1560
1559
1558
1557
1556
1555
1554
1553
1552
1551
1550
1549
1548
1547
1546
1545
1544
1543
1542
1541
1540
1539
1538
1537
1536
1535
1534
1533
1532
1531
1530
1529
1528
1527
1526
1525
1524
1523
1522
1521
1520
1519
1518
1517
1516
1515
1514
1513
1512
1511
1510
1509
1508
1507
1506
1505
1504
1503
1502
1501
1500
1499
1498
1497
1496
1495
1494
1493
1492
1491
1490
1489
1488
1487
1486
1485
1484
1483
1482
1481
1480
1479
1478
1477
1476
1475
1474
1473
1472
1471
1470
1469
1468
1467
1466
1465
1464
1463
1462
1461
1460
1459
1458
1457
1456
1455
1454
1453
1452
1451
1450
1449
1448
1447
1446
1445
1444
1443
1442
1441
1440
1439
1438
1437
1436
1435
1434
1433
1432
1431
1430
1429
1428
1427
1426
1425
1424
1423
1422
1421
1420
1419
1418
1417
1416
1415
1414
1413
1412
1411
1410
1409
1408
1407
1406
1405
1404
1403
1402
1401
1400
1399
1398
1397
1396
1395
1394
1393
1392
1391
1390
1389
1388
1387
1386
1385
1384
1383
1382
1381
1380
1379
1378
1377
1376
1375
1374
1373
1372
1371
1370
1369
1368
1367
1366
1365
1364
1363
1362
1361
1360
1359
1358
1357
1356
1355
1354
1353
1352
1351
1350
1349
1348
1347
1346
1345
1344
1343
1342
1341
1340
1339
1338
1337
1336
1335
1334
1333
1332
1331
1330
1329
1328
1327
1326
1325
1324
1323
1322
1321
1320
1319
1318
1317
1316
1315
1314
1313
1312
1311
1310
1309
1308
1307
1306
1305
1304
1303
1302
1301
1300
1299
1298
1297
1296
1295
1294
1293
1292
1291
1290
1289
1288
1287
1286
1285
1284
1283
1282
1281
1280
1279
1278
1277
1276
1275
1274
1273
1272
1271
1270
1269
1268
1267
1266
1265
1264
1263
1262
1261
1260
1259
1258
1257
1256
1255
1254
1253
1252
1251
1250
1249
1248
1247
1246
1245
1244
1243
1242
1241
1240
1239
1238
1237
1236
1235
1234
1233
1232
1231
1230
1229
1228
1227
1226
1225
1224
1223
1222
1221
1220
1219
1218
1217
1216
1215
1214
1213
1212
1211
1210
1209
1208
1207
1206
1205
1204
1203
1202
1201
1200
1199
1198
1197
1196
1195
1194
1193
1192
1191
1190
1189
1188
1187
1186
1185
1184
1183
1182
1181
1180
1179
1178
1177
1176
1175
1174
1173
1172
1171
1170
1169
1168
1167
1166
1165
1164
1163
1162
1161
1160
1159
1158
1157
1156
1155
1154
1153
1152
1151
1150
1149
1148
1147
1146
1145
1144
1143
1142
1141
1140
1139
1138
1137
1136
1135
1134
1133
1132
1131
1130
1129
1128
1127
1126
1125
1124
1123
1122
1121
1120
1119
1118
1117
1116
1115
1114
1113
1112
1111
1110
1109
1108
1107
1106
1105
1104
1103
1102
1101
1100
1099
1098
1097
1096
1095
1094
1093
1092
1091
1090
1089
1088
1087
1086
1085
1084
1083
1082
1081
1080
1079
1078
1077
1076
1075
1074
1073
1072
1071
1070
1069
1068
1067
1066
1065
1064
1063
1062
1061
1060
1059
1058
1057
1056
1055
1054
1053
1052
1051
1050
1049
1048
1047
1046
1045
1044
1043
1042
1041
1040
1039
1038
1037
1036
1035
1034
1033
1032
1031
1030
1029
1028
1027
1026
1025
1024
1023
1022
1021
1020
1019
1018
1017
1016
1015
1014
1013
1012
1011
1010
1009
1008
1007
1006
1005
1004
1003
1002
1001
1000
999
998
997
996
995
994
993
992
991
990
989
988
987
986
985
984
983
982
981
980
979
978
977
976
975
974
973
972
971
970
969
968
967
966
965
964
963
962
961
960
959
958
957
956
955
954
953
952
951
950
949
948
947
946
945
944
943
942
941
940
939
938
937
936
935
934
933
932
931
930
929
928
927
926
925
924
923
922
921
920
919
918
917
916
915
914
913
912
911
910
909
908
907
906
905
904
903
902
901
900
899
898
897
896
895
894
893
892
891
890
889
888
887
886
885
884
883
882
881
880
879
878
877
876
875
874
873
872
871
870
869
868
867
866
865
864
863
862
861
860
859
858
857
856
855
854
853
852
851
850
849
848
847
846
845
844
843
842
841
840
839
838
837
836
835
834
833
832
831
830
829
828
827
826
825
824
823
822
821
820
819
818
817
816
815
814
813
812
811
810
809
808
807
806
805
804
803
802
801
800
799
798
797
796
795
794
793
792
791
790
789
788
787
786
785
784
783
782
781
780
779
778
777
776
775
774
773
772
771
770
769
768
767
766
765
764
763
762
761
760
759
758
757
756
755
754
753
752
751
750
749
748
747
746
745
744
743
742
741
740
739
738
737
736
735
734
733
732
731
730
729
728
727
726
725
724
723
722
721
720
719
718
717
716
715
714
713
712
711
710
709
708
707
706
705
704
703
702
701
700
699
698
697
696
695
694
693
692
691
690
689
688
687
686
685
684
683
682
681
680
679
678
677
676
675
674
673
672
671
670
669
668
667
666
665
664
663
662
661
660
659
658
657
656
655
654
653
652
651
650
649
648
647
646
645
644
643
642
641
640
639
638
637
636
635
634
633
632
631
630
629
628
627
626
625
624
623
622
621
620
619
618
617
616
615
614
613
612
611
610
609
608
607
606
605
604
603
602
601
600
599
598
597
596
595
594
593
592
591
590
589
588
587
586
585
584
583
582
581
580
579
578
577
576
575
574
573
572
571
570
569
568
567
566
565
564
563
562
561
560
559
558
557
556
555
554
553
552
551
550
549
548
547
546
545
544
543
542
541
540
539
538
537
536
535
534
533
532
531
530
529
528
527
526
525
524
523
522
521
520
519
518
517
516
515
514
513
512
511
510
509
508
507
506
505
504
503
502
501
500
499
498
497
496
495
494
492.7772
492
491
490
489
488
487
486
485
484
483
482
481
480
479
478
477
476
475
474
473
472
471
470
469
468
467
466
465
464
463
462
461
460
459
458
457
456
455
454
453
452
451
450
449
448
447
446
445
444
443
442
441
440
439
438
437
436
435
434
433
432
431
430
429
428
427
426
425
424
423
422
421
420
419
418
417
416
415
414
413
412
411
410
409
408
407
406
405
404
403
402
401
400
399
398
397
396
395
394
393
392
391
390
389
388
387
386
385
384
383
382
381
380
379
378
377
376
375
374
373
372
371
370
369
368
367
366
365
364
363
362
361
360
359
358
357
356
355
354
353
352
351
350
349
348
347
346
345
344
343
342
341
340
339
338
337
336
335
334
333
332
331
330
329
328
327
326
325
324
323
322
321
320
319
318
317
316
315
314
313
312
311
310
309
308
307
306
305
304
303
302
301
300
299
298
297
296
295
294
293
292
291
290
289
288
287
286
285
284
283
282
281
280
279
278
277
276
275
274
273
272
271
270
269
268
267
266
265
264
263
262
261
260
259
258
257
256
255
254
253
252
251
250
0
45
0.9603802, 0.9607366, 0.9596285, 0.9596209, 0.9589216, 0.9586215, 0.9585956, 0.9577141, 0.9575455, 0.9571578, 0.956314, 0.9555378, 0.9556066, 0.9554174, 0.9552244, 0.9552187, 0.9552339, 0.9554432, 0.9546677, 0.9550219, 0.9554069, 0.9541351, 0.9531652, 0.9527145, 0.9516252, 0.9501808, 0.948675, 0.9465457, 0.9447414, 0.9438765, 0.9432037, 0.9424485, 0.9427021, 0.9428218, 0.9434924, 0.944476, 0.9456271, 0.9470333, 0.9474264, 0.9481923, 0.9485906, 0.9489369, 0.9485194, 0.9474994, 0.9472748, 0.9465192, 0.9455146, 0.9446819, 0.9442314, 0.9438953, 0.9433207, 0.9434386, 0.9445157, 0.9446328, 0.9443287, 0.9443759, 0.9452555, 0.9459449, 0.9460139, 0.9461871, 0.9462003, 0.9459477, 0.945248, 0.9450155, 0.9446073, 0.9437868, 0.9431707, 0.9423835, 0.9415913, 0.9406671, 0.9394563, 0.9386478, 0.9376702, 0.9370543, 0.9369953, 0.9375324, 0.9370103, 0.9371209, 0.9372699, 0.9374246, 0.9379018, 0.9379684, 0.9376167, 0.9384037, 0.9391181, 0.9400934, 0.9403821, 0.9409813, 0.9414981, 0.9422129, 0.9430226, 0.9438142, 0.9446734, 0.9454597, 0.9466432, 0.9475771, 0.9481572, 0.9486181, 0.9496289, 0.9507102, 0.9511771, 0.9513569, 0.9518175, 0.9525792, 0.9526926, 0.9530156, 0.9531805, 0.9531891, 0.9537907, 0.9538069, 0.9534989, 0.953149, 0.9526783, 0.9520935, 0.9518317, 0.9511039, 0.9505904, 0.9502597, 0.9492928, 0.9486987, 0.9484161, 0.9474776, 0.9469045, 0.9470087, 0.9470816, 0.9474984, 0.9481022, 0.9489312, 0.9500915, 0.9513084, 0.9520583, 0.9529603, 0.9545035, 0.955446, 0.9561266, 0.9565646, 0.956998, 0.9577486, 0.958262, 0.958724, 0.9589781, 0.9590673, 0.9592553, 0.9597821, 0.9599472, 0.959879, 0.9603668, 0.9607549, 0.9604936, 0.9602688, 0.960193, 0.959547, 0.9592256, 0.9585371, 0.9573789, 0.9560147, 0.9548405, 0.9538289, 0.9527793, 0.9513112, 0.9498255, 0.9488012, 0.9472341, 0.9458389, 0.9449588, 0.9448359, 0.9445412, 0.94429, 0.9439708, 0.9438604, 0.9439605, 0.9435433, 0.9438991, 0.9437103, 0.9441143, 0.944307, 0.9444845, 0.9444987, 0.9445695, 0.9450996, 0.9458578, 0.9466659, 0.9474492, 0.9485526, 0.9491466, 0.949628, 0.9497305, 0.9498492, 0.9498711, 0.9492169, 0.9484303, 0.947759, 0.9470646, 0.9461587, 0.9456715, 0.9452442, 0.9444231, 0.9445346, 0.9446574, 0.94463, 0.9450778, 0.9449219, 0.9446876, 0.9440709, 0.9433546, 0.9421366, 0.9424042, 0.9423863, 0.9413559, 0.9397795, 0.9389989, 0.9389848, 0.9389116, 0.9398199, 0.9402834, 0.9413766, 0.9422742, 0.9426163, 0.9432056, 0.9442248, 0.9453179, 0.9459808, 0.9467644, 0.9466148, 0.9458181, 0.9460234, 0.9462561, 0.9464075, 0.946294, 0.9465826, 0.9474274, 0.9478187, 0.9480102, 0.9485033, 0.9488818, 0.9495415, 0.949363, 0.9500991, 0.9497258, 0.9490166, 0.9484948, 0.9483658, 0.9485185, 0.9481098, 0.9478377, 0.9478879, 0.9480481, 0.9480282, 0.9483772, 0.9488382, 0.9485726, 0.9484417, 0.9478737, 0.9468733, 0.9464047, 0.9460414, 0.9452309, 0.9458143, 0.9451024, 0.9452045, 0.9445468, 0.9442626, 0.94434, 0.9439067, 0.9456129, 0.945994, 0.945629, 0.9461085, 0.9462892, 0.9457339, 0.945058, 0.9446772, 0.9433716, 0.9431679, 0.9423599, 0.9415357, 0.941114, 0.9411507, 0.9421017, 0.9424966, 0.9427539, 0.9421027, 0.9417589, 0.9419002, 0.9411178, 0.9406417, 0.9396733, 0.9384188, 0.9370928, 0.9363593, 0.935516, 0.9352616, 0.9342698, 0.9340989, 0.9336683, 0.9333435, 0.9327743, 0.9323696, 0.9327697, 0.9327808, 0.9327389, 0.9324749, 0.9325757, 0.933169, 0.9333743, 0.9339504, 0.9345408, 0.9346268, 0.9352102, 0.9348231, 0.9341941, 0.9351269, 0.93491, 0.9353439, 0.9347782, 0.9337851, 0.9326605, 0.9324516, 0.9322083, 0.9317824, 0.9318038, 0.932254, 0.9326055, 0.9328769, 0.9325607, 0.9324134, 0.9320144, 0.9308594, 0.9294066, 0.9283068, 0.9270618, 0.9259565, 0.9246417, 0.9236805, 0.922893, 0.922143, 0.9218166, 0.9220452, 0.9231625, 0.9245964, 0.9248719, 0.9254548, 0.9265308, 0.9276359, 0.9287172, 0.9301736, 0.9319706, 0.9340017, 0.9351756, 0.9367733, 0.940069, 0.9430849, 0.945385, 0.9478244, 0.9503737, 0.9518232, 0.9530661, 0.9543164, 0.9548176, 0.9544882, 0.9540988, 0.9538852, 0.9544481, 0.9553075, 0.9557834, 0.9562862, 0.9567205, 0.9570324, 0.9574594, 0.9579995, 0.9586234, 0.958517, 0.9582611, 0.9583732, 0.9587039, 0.9590769, 0.9597188, 0.9608221, 0.9618382, 0.9621923, 0.9624761, 0.9634208, 0.9642642, 0.9647319, 0.9650957, 0.9654538, 0.9654596, 0.9652974, 0.9652135, 0.9653669, 0.9654123, 0.9653959, 0.965225, 0.9652926, 0.9650108, 0.9640829, 0.9631569, 0.9618536, 0.9607818, 0.9599798, 0.9592812, 0.958218, 0.9574383, 0.9563828, 0.9558474, 0.9559411, 0.9559994, 0.9558168, 0.9555788, 0.9553266, 0.9549751, 0.9549579, 0.9551996, 0.9555464, 0.9556371, 0.9567128, 0.9574632, 0.9581097, 0.9590903, 0.9599232, 0.9602199, 0.9599002, 0.959358, 0.9586838, 0.9583215, 0.9575034, 0.9570927, 0.9562011, 0.9566239, 0.9567052, 0.956953, 0.9565416, 0.9569071, 0.9563035, 0.9558139, 0.9560558, 0.955189, 0.9542973, 0.953456, 0.9527345, 0.9537707, 0.9548796, 0.9553887, 0.9565799, 0.9583588, 0.9593561, 0.9607587, 0.9621278, 0.9624405, 0.9620701, 0.9627659, 0.9633158, 0.9635162, 0.9633023, 0.9636848, 0.9647146, 0.965171, 0.9653486, 0.9660729, 0.9659782, 0.9658613, 0.9664584, 0.9662255, 0.9657145, 0.9648024, 0.9641639, 0.9637889, 0.9636636, 0.9637995, 0.9637368, 0.9634959, 0.9638062, 0.9643297, 0.9648217, 0.9657213, 0.9661608, 0.9662313, 0.9664575, 0.9669234, 0.9667629, 0.9666546, 0.9663173, 0.9658855, 0.965226, 0.9648699, 0.9644705, 0.9643297, 0.963973, 0.9639952, 0.9637243, 0.9641012, 0.963575, 0.9636299, 0.9616238, 0.9610547, 0.9597293, 0.9587998, 0.9576193, 0.9568238, 0.9564345, 0.9564871, 0.9567109, 0.9565053, 0.9559497, 0.9553381, 0.9560768, 0.9554174, 0.954387, 0.9532253, 0.9526526, 0.9518375, 0.9519184, 0.9518194, 0.9521754, 0.9522678, 0.9533797, 0.9543355, 0.9547211, 0.9546467, 0.9545493, 0.9542009, 0.9535142, 0.9539472, 0.9532396, 0.9524878, 0.9529241, 0.9535342, 0.9534655, 0.9528222, 0.9532463, 0.9529946, 0.9526307, 0.9527155, 0.9526345, 0.9523106, 0.952045, 0.9524544, 0.9528336, 0.953662, 0.95393, 0.9554365, 0.9575187, 0.9583358, 0.9595604, 0.9610969, 0.9620229, 0.9634863, 0.964594, 0.9654992, 0.9656045, 0.9653718, 0.9651971, 0.9650561, 0.9645979, 0.9644136, 0.9640877, 0.9637368, 0.9626196, 0.9621653, 0.9611613, 0.9600346, 0.9592975, 0.9586847, 0.9583416, 0.9587145, 0.9594539, 0.9602237, 0.9612825, 0.9624617, 0.9633649, 0.9638699, 0.9648632, 0.9654056, 0.9655233, 0.965364, 0.964921, 0.9644541, 0.9639354, 0.9629113, 0.9614392, 0.9605742, 0.9594462, 0.9576269, 0.956073, 0.954618, 0.9532796, 0.952085, 0.9510658, 0.9506864, 0.9505229, 0.9506427, 0.9507016, 0.9511334, 0.9522564, 0.9527831, 0.9534932, 0.9541666, 0.9546037, 0.9548223, 0.9543622, 0.9541074, 0.9543011, 0.9544481, 0.9542945, 0.9543231, 0.9544615, 0.9541799, 0.9537249, 0.9531834, 0.9528269, 0.9521354, 0.95163, 0.9515919, 0.9515872, 0.9520383, 0.9531996, 0.9543966, 0.9552722, 0.9562681, 0.9568458, 0.9570899, 0.9571645, 0.9575848, 0.9580101, 0.9585764, 0.9595364, 0.9606886, 0.9616315, 0.9624511, 0.9631935, 0.9637638, 0.9640357, 0.9639759, 0.9639171, 0.9640704, 0.9641687, 0.9639354, 0.9642102, 0.9639123, 0.9640559, 0.9639219, 0.9634728, 0.9627409, 0.9615882, 0.9602535, 0.9593378, 0.9585429, 0.9579123, 0.958081, 0.9589321, 0.9594117, 0.9598435, 0.9614988, 0.9623664, 0.9628102, 0.9622057, 0.9615238, 0.9612498, 0.9606107, 0.9593637, 0.958655, 0.9580273, 0.9574689, 0.9566258, 0.955254, 0.95393, 0.9520155, 0.9499632, 0.9492567, 0.9492738, 0.9500658, 0.9505838, 0.951315, 0.953292, 0.9547536, 0.9563752, 0.9568669, 0.9580187, 0.9589781, 0.9590002, 0.9588573, 0.9594625, 0.959262, 0.9587739, 0.9575915, 0.9569836, 0.9566985, 0.9556811, 0.9545846, 0.9539949, 0.9549235, 0.9555588, 0.9567865, 0.9577265, 0.9596871, 0.9620056, 0.9641475, 0.9659888, 0.9679024, 0.9691412, 0.969847, 0.9699769, 0.9697568, 0.9696714, 0.968526, 0.9681115, 0.9674147, 0.9663956, 0.9651613, 0.9644194, 0.9636896, 0.9626051, 0.9629806, 0.9638246, 0.965532, 0.9651498, 0.9659299, 0.9662246, 0.9662671, 0.965534, 0.9659869, 0.9653747, 0.9655475, 0.9651131, 0.9646007, 0.9629999, 0.961618, 0.9601162, 0.9596986, 0.9578884, 0.9566507, 0.9567482, 0.9562145, 0.9563627, 0.9562422, 0.9550658, 0.9550706, 0.9545331, 0.9537221, 0.953681, 0.9536906, 0.9542467, 0.9543765, 0.9545312, 0.9553285, 0.9561543, 0.957693, 0.9583598, 0.9581461, 0.9588669, 0.959262, 0.9588746, 0.9588784, 0.9590155, 0.9594395, 0.9594539, 0.9589196, 0.957558, 0.957558, 0.9575714, 0.956336, 0.957671, 0.959286, 0.9612738, 0.9633129, 0.9649114, 0.9665174, 0.9674234, 0.9679915, 0.9685831, 0.9687449, 0.9682199, 0.9678763, 0.9659637, 0.963546, 0.9619979, 0.9598387, 0.9577533, 0.9570248, 0.9561179, 0.9563321, 0.9566172, 0.9576327, 0.9591373, 0.9609922, 0.9615286, 0.9621162, 0.9619787, 0.961318, 0.9597898, 0.9581614, 0.9566947, 0.9547584, 0.9528412, 0.9506722, 0.9493792, 0.9486807, 0.9477211, 0.9470011, 0.9479382, 0.9498872, 0.9519241, 0.9537297, 0.9550964, 0.9558541, 0.9559765, 0.9562422, 0.9563733, 0.9565799, 0.956138, 0.9552626, 0.9546848, 0.9543937, 0.9542172, 0.9544357, 0.9549512, 0.9565846, 0.9581068, 0.9595297, 0.9608807, 0.9623741, 0.9639807, 0.9647782, 0.9653862, 0.9663512, 0.9661473, 0.9657435, 0.9654017, 0.9655224, 0.9648323, 0.9643972, 0.9638593, 0.9632349, 0.9629941, 0.9627736, 0.9623145, 0.9612267, 0.9607174, 0.9606482, 0.9606684, 0.9601085, 0.9596017, 0.9596631, 0.9596861, 0.9588506, 0.9582103, 0.9578386, 0.9569779, 0.9565961, 0.9561897, 0.9549226, 0.9537821, 0.9526983, 0.951747, 0.9514987, 0.9514225, 0.9513807, 0.9522097, 0.9541399, 0.9554967, 0.9560434, 0.9572755, 0.9582592, 0.9586646, 0.9593129, 0.9594107, 0.9589676, 0.9580752, 0.9573856, 0.9566937, 0.9560376, 0.9564259, 0.957716, 0.9590779, 0.9607741, 0.9626099, 0.9642381, 0.9657107, 0.9665, 0.9670878, 0.9676092, 0.9670743, 0.9661453, 0.9645265, 0.9623501, 0.9610941, 0.9601238, 0.9594817, 0.9592899, 0.9590587, 0.9593829, 0.9605541, 0.9609547, 0.9611421, 0.9607923, 0.960313, 0.959263, 0.9582716, 0.9570899, 0.9558139, 0.9552034, 0.9543746, 0.9539987, 0.9539462, 0.9542429, 0.954577, 0.9553237, 0.9567597, 0.9571837, 0.9579325, 0.9585467, 0.9594894, 0.9599491, 0.9603773, 0.9604398, 0.961368, 0.962122, 0.9622712, 0.9626946, 0.9635027, 0.9638679, 0.9641504, 0.9651469, 0.966155, 0.9663193, 0.9659589, 0.9668228, 0.9672629, 0.9671478, 0.9665522, 0.9659145, 0.9659328, 0.9653119, 0.9636838, 0.9625541, 0.9614978, 0.9608817, 0.960144, 0.9592572, 0.9590059, 0.9590683, 0.9585592, 0.9588353, 0.958171, 0.9574364, 0.9558149, 0.9555693, 0.9546218, 0.9535466, 0.952865, 0.9526954, 0.9533645, 0.953599, 0.9551948, 0.9564335, 0.9570669, 0.9578261, 0.9591613, 0.9596449, 0.9600826, 0.9602746, 0.9601478, 0.960654, 0.9611344, 0.9616353, 0.9619604, 0.9633774, 0.9640096, 0.9648554, 0.9652395, 0.9658217, 0.9657039, 0.9665377, 0.9658623, 0.9651227, 0.9644937, 0.9629536, 0.9626417, 0.9618709, 0.9612075, 0.9603514, 0.9595057, 0.9590635, 0.9591325, 0.9586042, 0.9585314, 0.9580465, 0.9576719, 0.9567855, 0.9560195, 0.956291, 0.9555043, 0.9553696, 0.955318, 0.9561256, 0.9564756, 0.9569817, 0.9578779, 0.9590971, 0.9597552, 0.9599491, 0.9610729, 0.9616949, 0.9622404, 0.9636193, 0.9630682, 0.963627, 0.9642053, 0.9648207, 0.9649442, 0.9647503, 0.9649413, 0.9649114, 0.9642092, 0.9639942, 0.963284, 0.9625243, 0.9616844, 0.9608317, 0.9599443, 0.959029, 0.9584595, 0.95783, 0.9571329, 0.9566487, 0.9563455, 0.9556132, 0.9541857, 0.9545474, 0.9546027, 0.9544395, 0.9546887, 0.954702, 0.9561266, 0.9559, 0.9566277, 0.957717, 0.9587662, 0.9591316, 0.9596976, 0.9609095, 0.9615766, 0.9620181, 0.9625589, 0.963628, 0.9642564, 0.9640443, 0.964053, 0.9640935, 0.9638448, 0.9640694, 0.9637147, 0.963206, 0.9621595, 0.9617517, 0.9609547, 0.9600499, 0.9592131, 0.958585, 0.9577744, 0.9576681, 0.9570343, 0.9563302, 0.9563924, 0.956029, 0.9563188, 0.9559678, 0.9561734, 0.9567789, 0.9569061, 0.9571616, 0.9579842, 0.9585572, 0.959005, 0.9592333, 0.959617, 0.9605224, 0.9611546, 0.9615661, 0.9618604, 0.9619873, 0.9622433, 0.9622057, 0.9619412, 0.9615651, 0.9610729, 0.9606934, 0.9599827, 0.9590894, 0.9586742, 0.9582477, 0.957966, 0.957738, 0.9569166, 0.9563063, 0.9561772, 0.9560348, 0.9560214, 0.9562451, 0.9562403, 0.9564393, 0.9567147, 0.9569587, 0.9574364, 0.9580398, 0.9582506, 0.9580034, 0.9584384, 0.9589753, 0.9589283, 0.9593695, 0.9597437, 0.9599203, 0.9595643, 0.9592688, 0.9589647, 0.958911, 0.9584748, 0.9577217, 0.9579095, 0.9576901, 0.9573866, 0.957087, 0.9564995, 0.9561246, 0.9556954, 0.9549589, 0.9545922, 0.954513, 0.9552578, 0.9551442, 0.9549255, 0.9553161, 0.955489, 0.9558646, 0.956139, 0.9563599, 0.9566143, 0.9568506, 0.9572851, 0.9538518, 0.952143, 0.9512199, 0.9480178, 0.9434452, 0.9391707, 0.9383221, 0.9410444, 0.9447273, 0.9448236, 0.9424862, 0.9401715, 0.9375792, 0.9345473, 0.9339018, 0.9354169, 0.9364904, 0.9365784, 0.9367686, 0.9360335, 0.9341185, 0.9337514, 0.9365466, 0.9407988, 0.9436641, 0.9450797, 0.9450438, 0.9449795, 0.9444496, 0.9429991, 0.9423722, 0.9451015, 0.9482273, 0.9465192, 0.9426361, 0.9412636, 0.9424231, 0.9432641, 0.9429349, 0.9423486, 0.9411338, 0.9390787, 0.9354898, 0.9319632, 0.9334284, 0.9383174, 0.9413559, 0.9414519, 0.9419633, 0.9418013, 0.9377799, 0.9356816, 0.9381635, 0.9427388, 0.9475676, 0.9507549, 0.950215, 0.9485488, 0.9479306, 0.9455533, 0.9429764, 0.9429934, 0.9430434, 0.9409305, 0.9405335, 0.9389923, 0.938323, 0.9392637, 0.9381072, 0.9330701, 0.9321719, 0.9341418, 0.9315951, 0.9320517, 0.9373243, 0.9423524, 0.9434207, 0.9451062, 0.9462296, 0.9473952, 0.9478102, 0.9454304, 0.9459808, 0.9472104, 0.9453085, 0.9441276, 0.9470523, 0.9450013, 0.9424928, 0.9401132, 0.9370347, 0.9347333, 0.9347763, 0.9339858, 0.9372661, 0.9420462, 0.9426747, 0.9436282, 0.9452669, 0.9432594, 0.9412627, 0.9418992, 0.9444694, 0.9502112, 0.9534884, 0.9532825, 0.9524602, 0.945576, 0.9375146, 0.9364492, 0.9383578, 0.9398866, 0.9414416, 0.940526, 0.940164, 0.9371049, 0.9369382, 0.9400267, 0.9417448, 0.9408091, 0.9438802, 0.9458143, 0.9479638, 0.9515491, 0.9527498, 0.9501171, 0.9471886, 0.9462845, 0.9476216, 0.9481562, 0.9488629, 0.9485194, 0.9461028, 0.9443022, 0.9424853, 0.9400427, 0.9385332, 0.9378624, 0.9418531, 0.9474605, 0.9503176, 0.9501295, 0.9456772, 0.9394234, 0.9387191, 0.9460139, 0.9540903, 0.9572995, 0.9556515, 0.9498388, 0.9441738, 0.9432103, 0.9441276, 0.944036, 0.944289, 0.9444392, 0.9430604, 0.94179, 0.9410745, 0.9397814, 0.9423712, 0.9492852, 0.955254, 0.957761, 0.9559678, 0.9518546, 0.9491419, 0.9491049, 0.9497714, 0.9503452, 0.9511705, 0.9511267, 0.9478775, 0.9417419, 0.9362647, 0.9342418, 0.9381964, 0.9460073, 0.9500069, 0.948916, 0.9458191, 0.9450476, 0.9487917, 0.9535075, 0.9542601, 0.9520136, 0.9484768, 0.9443051, 0.9412392, 0.9394215, 0.9397071, 0.9438604, 0.9486997, 0.9485944, 0.944476, 0.939803, 0.9397043, 0.9460574, 0.9538489, 0.9584278, 0.9573033, 0.9513578, 0.9452678, 0.9442352, 0.9473923, 0.9500497, 0.9469699, 0.9390242, 0.9331559, 0.9332791, 0.9370253, 0.9386693, 0.9344146, 0.9288156, 0.9267597, 0.9287971, 0.9357621, 0.9436981, 0.947561, 0.9453945, 0.9372652, 0.9289745, 0.9261352, 0.9295265, 0.9359745, 0.9378146, 0.931393, 0.9218461, 0.9178861, 0.9259778, 0.9391895, 0.9429, 0.9337692, 0.9238865, 0.9255307, 0.9312356, 0.9268978, 0.9134405, 0.9042883, 0.9056974, 0.9047297, 0.8885512, 0.8598554, 0.8315632, 0.8126661, 0.8035611, 0.8066705, 0.8151583, 0.8128099, 0.7901354, 0.7520293, 0.7207449, 0.7112986, 0.7091345, 0.6834902, 0.6149729, 0.5200112, 0.4400504, 0.3953598, 0.3736252, 0.3607756, 0.3507646, 0.335434, 0.3068283, 0.265244, 0.219992, 0.1829036, 0.155918, 0.1332029, 0.1096931, 0.0858656, 0.06658686, 0.05496487, 0.04966683, 0.04713691, 0.04501939, 0.03985817, 0.03423092, 0.02736816, 0.0237841, 0.02390497, 0.02324177, 0.0242004, 0.02549801, 0.02408524, 0.02044154, 0.01891201, 0.01664452, 0.01674019, 0.01585968, 0.01501962, 0.01596255, 0.01375889, 0.01469371, 0.01729538, 0.02306415, 0.03235735, 0.04089915, 0.04410024, 0.05231501, 0.06132541, 0.05737194, 0.04081347, 0.02037575, 0.01062323, 0.01062314, 0.0123248, 0.01313531, 0.01646229, 0.01860117, 0.02178667, 0.02647832, 0.02231561, 0.0186037, 0.01617491, 0.02096359, 0.03029396, 0.03652479, 0.03760471, 0.03737209, 0.03790364, 0.03883952, 0.0424808, 0.04797707, 0.05314911, 0.05705315, 0.06420167, 0.07571371, 0.08870527, 0.1015547, 0.1110396, 0.1143572, 0.1196009, 0.1312396, 0.135471, 0.1306476, 0.1336807, 0.1523414, 0.169277, 0.1727241, 0.1690527, 0.167327, 0.1650171, 0.1562788, 0.1467234, 0.145183, 0.1532874, 0.1615524, 0.1628571, 0.167655, 0.1833207, 0.1917937, 0.1834941, 0.1792046, 0.1941968, 0.2129538, 0.2270234, 0.2457875, 0.279001, 0.3157754, 0.3428926, 0.3590865, 0.3775482, 0.4094125, 0.4347231, 0.4546925, 0.5088159, 0.5792569, 0.6230079, 0.6648386, 0.7158454, 0.7562419, 0.7852572, 0.8132124, 0.8361544, 0.8497943, 0.857953, 0.8677974, 0.8767959, 0.8825896, 0.8960707, 0.9112126, 0.9167917, 0.9194, 0.9219051, 0.9222573, 0.9252595, 0.9286671, 0.9298863, 0.9303783, 0.9288881, 0.9236205, 0.9157819, 0.9151137, 0.9194864, 0.9218903, 0.9285603, 0.9381532, 0.9440162, 0.9467682, 0.9459723, 0.9428586, 0.9407696, 0.9390289, 0.9377536, 0.9368688, 0.9364839, 0.934796, 0.931122, 0.9283514, 0.9280599, 0.9304146, 0.9340615, 0.9361028, 0.9350101, 0.9298909, 0.9214636, 0.9143489, 0.9116173, 0.9112628, 0.9117121, 0.9119455, 0.9109885, 0.9099924, 0.9094184, 0.909977, 0.9120915, 0.9124062, 0.9096713, 0.9054873, 0.9014209, 0.8987647, 0.8992214, 0.9035607, 0.9093648, 0.9121124, 0.910453, 0.906862, 0.9036565, 0.9020359, 0.9018005, 0.9003038, 0.8946453, 0.8876729, 0.8838685, 0.8829241, 0.8816704, 0.8767083, 0.8668286, 0.8528283, 0.8381024, 0.8247623, 0.8115032, 0.7968228, 0.780225, 0.7607055, 0.7387749, 0.7157724, 0.6905071, 0.661309, 0.6275035, 0.5903882, 0.5525999, 0.5156469, 0.4786594, 0.4385958, 0.3957023, 0.352218, 0.3096053, 0.2686916, 0.2289838, 0.1915566, 0.1575078, 0.1276056, 0.1016981, 0.07934285, 0.06080495, 0.0452924, 0.03298627, 0.02316015, 0.01413582, 0.008544897, 4.539993e-05, 4.539993e-05, 4.539993e-05, 4.539993e-05, 4.539993e-05, 4.539993e-05, 4.539993e-05, 4.539993e-05, 4.539993e-05, 0.002560282, 0.004675548, 4.539993e-05, 4.539993e-05, 4.539993e-05, 4.539993e-05, 4.539993e-05, 4.539993e-05, 4.539993e-05, 4.539993e-05, 4.539993e-05, 4.539993e-05, 4.539993e-05, 4.539993e-05, 4.539993e-05, 4.539993e-05, 4.539993e-05, 4.539993e-05, 4.539993e-05, 4.539993e-05, 4.539993e-05, 4.539993e-05, 4.539993e-05, 4.539993e-05, 4.539993e-05, 4.539993e-05, 4.539993e-05, 4.539993e-05, 4.539993e-05, 4.539993e-05, 4.539993e-05, 4.539993e-05, 4.539993e-05, 4.539993e-05, 4.539993e-05, 4.539993e-05, 4.539993e-05, 4.539993e-05, 4.539993e-05, 4.539993e-05, 4.539993e-05, 4.539993e-05, 4.539993e-05, 4.539993e-05, 4.539993e-05, 4.539993e-05, 4.539993e-05, 4.539993e-05, 4.539993e-05, 4.539993e-05, 4.539993e-05, 4.539993e-05, 4.539993e-05, 4.539993e-05, 4.539993e-05, 4.539993e-05, 4.539993e-05, 4.539993e-05, 4.539993e-05, 4.539993e-05, 4.539993e-05, 4.539993e-05, 4.539993e-05, 4.539993e-05, 4.539993e-05, 4.539993e-05, 4.539993e-05, 4.539993e-05, 4.539993e-05, 4.539993e-05, 4.539993e-05, 4.539993e-05, 4.539993e-05, 4.539993e-05, 4.539993e-05, 4.539993e-05, 4.539993e-05, 4.539993e-05, 4.539993e-05, 4.539993e-05, 4.539993e-05, 4.539993e-05, 4.539993e-05, 4.539993e-05, 4.539993e-05, 4.539993e-05, 4.539993e-05, 4.539993e-05, 4.539993e-05, 4.539993e-05, 4.539993e-05, 4.539993e-05, 4.539993e-05, 4.539993e-05, 4.539993e-05, 4.539993e-05, 4.539993e-05, 4.539993e-05, 4.539993e-05, 4.539993e-05, 4.539993e-05, 4.539993e-05, 4.539993e-05, 0.002566454, 4.539993e-05, 4.539993e-05, 4.539993e-05, 4.539993e-05, 4.539993e-05, 0.004677839, 4.539993e-05, 4.539993e-05, 4.539993e-05, 4.539993e-05, 4.539993e-05, 4.539993e-05, 4.539993e-05, 4.539993e-05, 4.539993e-05, 4.539993e-05
0.9678047, 0.9686189, 0.9685821, 0.9687497, 0.9686461, 0.9690452, 0.969495, 0.9700167, 0.9705329, 0.9707755, 0.9706057, 0.9710105, 0.9714408, 0.9715904, 0.9714757, 0.9713145, 0.970895, 0.9710668, 0.9700933, 0.9700186, 0.9698208, 0.9688466, 0.9689144, 0.9686606, 0.9681512, 0.9679179, 0.9679237, 0.9674902, 0.9675647, 0.9676431, 0.9674525, 0.9670936, 0.9672068, 0.967229, 0.9663289, 0.9662487, 0.9659927, 0.9656382, 0.9652733, 0.9649317, 0.9641726, 0.9638805, 0.9633245, 0.9628728, 0.9626273, 0.9626841, 0.9625349, 0.9620123, 0.961492, 0.9618892, 0.9613555, 0.9609595, 0.9614065, 0.9614517, 0.9617315, 0.9617882, 0.9627774, 0.9629402, 0.9629623, 0.9634015, 0.963972, 0.9642593, 0.9639653, 0.9638766, 0.9644667, 0.9647802, 0.9646905, 0.9643558, 0.9644512, 0.9644281, 0.9640829, 0.9637137, 0.9631318, 0.9624328, 0.9621701, 0.9619652, 0.9608183, 0.9605003, 0.9596353, 0.9588918, 0.9585793, 0.9582458, 0.9571549, 0.9565244, 0.9564373, 0.956096, 0.9558034, 0.9554871, 0.95534, 0.9554403, 0.9551728, 0.9549703, 0.9548319, 0.9547211, 0.9550725, 0.954766, 0.9545779, 0.954472, 0.9546533, 0.9549321, 0.9548605, 0.9552082, 0.9551174, 0.9553944, 0.9555798, 0.9559592, 0.9564976, 0.9568602, 0.9576212, 0.9581595, 0.9586435, 0.958935, 0.9594779, 0.9599664, 0.9606569, 0.9610056, 0.961494, 0.9618065, 0.9616824, 0.9617074, 0.9617892, 0.9616267, 0.9614142, 0.9614286, 0.9615632, 0.9612623, 0.9607203, 0.9603063, 0.9602679, 0.9606338, 0.9607097, 0.9608586, 0.9609249, 0.9607952, 0.9606799, 0.9607433, 0.9608701, 0.9608903, 0.9607347, 0.9609172, 0.9607376, 0.9603389, 0.9602314, 0.9602419, 0.9600365, 0.9597437, 0.959832, 0.9596775, 0.9596142, 0.9598867, 0.9602439, 0.9603562, 0.9604945, 0.9608605, 0.9608365, 0.960581, 0.9606271, 0.9612373, 0.961619, 0.9616372, 0.9616834, 0.9620941, 0.9620422, 0.962403, 0.9626658, 0.9630374, 0.9630037, 0.9630297, 0.9629411, 0.9633187, 0.9639017, 0.9646895, 0.9646364, 0.9644657, 0.964866, 0.965225, 0.9653332, 0.9648979, 0.96495, 0.9653235, 0.965394, 0.9658246, 0.9658845, 0.9659145, 0.9660381, 0.9658826, 0.9658266, 0.966615, 0.9667233, 0.9667368, 0.9662033, 0.9657512, 0.9660468, 0.9663975, 0.9659019, 0.9662912, 0.9656653, 0.9661337, 0.9661019, 0.9657425, 0.9662941, 0.9662999, 0.9661193, 0.9661115, 0.9661019, 0.9660072, 0.9663173, 0.9666034, 0.9659096, 0.9658662, 0.9657831, 0.9660507, 0.9659067, 0.9656228, 0.9655793, 0.9656267, 0.9654577, 0.9647927, 0.9645188, 0.965033, 0.9645284, 0.9645757, 0.9643317, 0.9638419, 0.9630673, 0.9632984, 0.9628641, 0.9624704, 0.9620941, 0.9615555, 0.9610104, 0.9605819, 0.9601767, 0.9593349, 0.9588496, 0.9589235, 0.9579679, 0.9571396, 0.957288, 0.9569176, 0.9563943, 0.9559937, 0.9559401, 0.9549665, 0.9549216, 0.954013, 0.9537964, 0.9532186, 0.9528784, 0.951965, 0.9516985, 0.9507197, 0.9498179, 0.9489919, 0.9489046, 0.947833, 0.9473364, 0.9466906, 0.9461615, 0.9461397, 0.9450136, 0.9450372, 0.9444817, 0.9433037, 0.9425126, 0.9424881, 0.9420848, 0.9413578, 0.9412467, 0.9408279, 0.9404225, 0.940148, 0.9395624, 0.9395765, 0.939259, 0.9386449, 0.9387604, 0.9376233, 0.9385379, 0.9384019, 0.9380144, 0.9375314, 0.937824, 0.9378859, 0.9374255, 0.9375586, 0.9378212, 0.9377771, 0.9375099, 0.9378249, 0.937793, 0.938202, 0.93808, 0.9380744, 0.9383287, 0.9380979, 0.9382527, 0.9384507, 0.9386055, 0.9387041, 0.9394563, 0.9399289, 0.9400887, 0.9404968, 0.9408787, 0.9410886, 0.941725, 0.9424617, 0.9430273, 0.9426662, 0.9428265, 0.943868, 0.9442786, 0.9445723, 0.9446734, 0.9446309, 0.9444826, 0.9446933, 0.9449909, 0.944784, 0.9445053, 0.944459, 0.9446092, 0.9446545, 0.9445242, 0.9443561, 0.9440567, 0.9438462, 0.9435263, 0.9434452, 0.9429651, 0.9422958, 0.9415809, 0.9408129, 0.9402072, 0.9395991, 0.9389172, 0.9385398, 0.9381889, 0.9383549, 0.9380538, 0.9380735, 0.938828, 0.9396094, 0.9402213, 0.9412702, 0.9428067, 0.9446082, 0.9458815, 0.9470788, 0.948878, 0.9503214, 0.951709, 0.9530509, 0.9544071, 0.9556046, 0.9566727, 0.957738, 0.9586483, 0.9591824, 0.9595806, 0.9602535, 0.9610066, 0.9614786, 0.9618123, 0.9620787, 0.9622991, 0.9622721, 0.9623279, 0.9623905, 0.9626552, 0.9626869, 0.9626022, 0.9626456, 0.9624348, 0.9621364, 0.9620537, 0.9621576, 0.962149, 0.9619383, 0.961618, 0.9612469, 0.9612642, 0.9615295, 0.9615449, 0.9613968, 0.9610518, 0.9608894, 0.9608125, 0.9610931, 0.9612921, 0.9613257, 0.9615872, 0.9619517, 0.9618402, 0.9616651, 0.9617998, 0.9621085, 0.9618854, 0.9618267, 0.9623789, 0.9619565, 0.9620691, 0.9620075, 0.9616199, 0.9619662, 0.9622606, 0.9621913, 0.9624242, 0.9627505, 0.9625175, 0.962633, 0.9629729, 0.9633331, 0.9632098, 0.9635971, 0.9639084, 0.9635962, 0.963494, 0.9639855, 0.9640877, 0.964267, 0.9647107, 0.9645641, 0.9646413, 0.9645236, 0.965253, 0.9655069, 0.9657841, 0.9662159, 0.9663647, 0.9663347, 0.9673799, 0.9672009, 0.9671516, 0.9675076, 0.9673538, 0.9682219, 0.9684126, 0.9682393, 0.9688156, 0.9690753, 0.9686616, 0.9687633, 0.9693534, 0.969051, 0.9693408, 0.9691499, 0.9691712, 0.9691257, 0.9694, 0.9697063, 0.9696772, 0.9693922, 0.969303, 0.9696229, 0.9695667, 0.969368, 0.9694814, 0.9686151, 0.9680602, 0.9685763, 0.9689028, 0.9683623, 0.9675811, 0.9671207, 0.9674244, 0.9665705, 0.9670801, 0.9664662, 0.9659695, 0.9656469, 0.9658594, 0.9646258, 0.965254, 0.9646249, 0.96443, 0.9643452, 0.9640164, 0.9631559, 0.9629007, 0.9630249, 0.9621586, 0.9614949, 0.9615266, 0.9610518, 0.9606924, 0.9603601, 0.9603245, 0.9600058, 0.959689, 0.9590788, 0.9590856, 0.9582218, 0.9577869, 0.9576126, 0.9569453, 0.9569004, 0.9562929, 0.9557614, 0.9559105, 0.9558073, 0.9552502, 0.9554479, 0.9553906, 0.9553715, 0.9549665, 0.954745, 0.9551212, 0.9553027, 0.9547584, 0.9540998, 0.9540645, 0.9543212, 0.9545178, 0.9549531, 0.9547775, 0.9555435, 0.9551871, 0.9549684, 0.9554508, 0.9551814, 0.9558694, 0.9559765, 0.9559067, 0.956488, 0.9564766, 0.95662, 0.956422, 0.9568076, 0.9567501, 0.9566373, 0.9572698, 0.9574335, 0.9575953, 0.9577859, 0.9576384, 0.957738, 0.9580972, 0.9589887, 0.9594453, 0.95957, 0.9592198, 0.959903, 0.959977, 0.9600259, 0.9604215, 0.9604945, 0.9598646, 0.9607059, 0.9611277, 0.9612921, 0.9614392, 0.9619508, 0.9621201, 0.9614632, 0.9614651, 0.960824, 0.9610325, 0.9610104, 0.9607846, 0.9604916, 0.9598973, 0.9600154, 0.960241, 0.9600422, 0.9600595, 0.9595844, 0.9593359, 0.959005, 0.9585112, 0.9585985, 0.9584806, 0.958035, 0.9577064, 0.9575331, 0.957536, 0.9573885, 0.9569827, 0.9566507, 0.9564947, 0.9561629, 0.9553696, 0.9550095, 0.9549541, 0.9548061, 0.9546734, 0.9541943, 0.9540531, 0.9537736, 0.953414, 0.9527269, 0.9525687, 0.9527631, 0.9525506, 0.9522811, 0.9524744, 0.9527583, 0.9529051, 0.952523, 0.9522192, 0.9524392, 0.9528993, 0.952968, 0.95313, 0.9534522, 0.9534789, 0.9537621, 0.9540674, 0.9545264, 0.9544767, 0.954409, 0.9547765, 0.9550171, 0.9549283, 0.9551728, 0.9554661, 0.9557423, 0.9564775, 0.9568018, 0.9569272, 0.9574249, 0.9577964, 0.9576241, 0.9573694, 0.9574124, 0.9577409, 0.9579564, 0.958081, 0.9580005, 0.958471, 0.9589302, 0.9591632, 0.9595, 0.9601891, 0.9608788, 0.9607731, 0.9609624, 0.9609874, 0.9611287, 0.9613238, 0.9613296, 0.961294, 0.9614517, 0.9611142, 0.9610239, 0.9611027, 0.9609682, 0.9605387, 0.9605983, 0.9605714, 0.9596084, 0.9594885, 0.9594837, 0.9592908, 0.9587365, 0.9581241, 0.958217, 0.9582812, 0.9578597, 0.9578166, 0.9574728, 0.9573292, 0.9567224, 0.9565617, 0.9562413, 0.955425, 0.9548596, 0.9550744, 0.9550028, 0.9549054, 0.9548099, 0.9547631, 0.9548481, 0.9543975, 0.9541723, 0.9530947, 0.9532034, 0.9531328, 0.9525259, 0.9524344, 0.9525287, 0.9523497, 0.9521402, 0.952025, 0.9520374, 0.9520954, 0.9521868, 0.9523583, 0.9521059, 0.9523144, 0.952846, 0.9535933, 0.9541437, 0.9543517, 0.9549952, 0.9557394, 0.9563627, 0.9572028, 0.9573052, 0.9575992, 0.9581566, 0.9583406, 0.9582668, 0.9585457, 0.9590568, 0.9595527, 0.9596391, 0.9598061, 0.960484, 0.9605694, 0.9604014, 0.9605983, 0.9607846, 0.9614103, 0.9611931, 0.9617401, 0.9629026, 0.963152, 0.9633245, 0.9635297, 0.9635509, 0.963468, 0.9635846, 0.9635933, 0.963154, 0.9630018, 0.9626542, 0.962325, 0.9618402, 0.9613795, 0.9612363, 0.9598646, 0.960386, 0.9596439, 0.9586368, 0.9591997, 0.9586167, 0.958494, 0.9582285, 0.9579717, 0.9576423, 0.9577419, 0.9576365, 0.9571281, 0.9567674, 0.9572219, 0.9565072, 0.9555005, 0.955683, 0.955512, 0.9548395, 0.95502, 0.9546801, 0.9547813, 0.9545016, 0.9545884, 0.9543317, 0.9541008, 0.9547517, 0.9545789, 0.9552263, 0.9545006, 0.9545397, 0.9551489, 0.9551365, 0.9554107, 0.9557595, 0.9560319, 0.9562671, 0.9561686, 0.9567817, 0.957535, 0.957942, 0.958058, 0.958148, 0.9590539, 0.959074, 0.9596305, 0.9593541, 0.9591498, 0.9593378, 0.959476, 0.9591316, 0.9592831, 0.9587835, 0.9585438, 0.9581154, 0.9579315, 0.9576365, 0.9576748, 0.9579957, 0.9569999, 0.9573014, 0.957649, 0.9578817, 0.9575312, 0.9572449, 0.9566583, 0.9556591, 0.9552015, 0.9548433, 0.9542038, 0.9534217, 0.952524, 0.9511372, 0.9503651, 0.9500411, 0.949854, 0.9494143, 0.9491067, 0.9489445, 0.9489634, 0.9492463, 0.9497695, 0.9503671, 0.9504393, 0.9504013, 0.9507539, 0.9507092, 0.950849, 0.9512199, 0.9508557, 0.950406, 0.9508433, 0.9507102, 0.9509736, 0.9511476, 0.9520259, 0.952124, 0.9526888, 0.9534379, 0.9538279, 0.9547049, 0.9556954, 0.9565014, 0.9573493, 0.9580656, 0.958935, 0.9594021, 0.9594347, 0.9594309, 0.9594031, 0.959833, 0.9601325, 0.9605147, 0.9609067, 0.960751, 0.9610969, 0.9617199, 0.9619565, 0.9621037, 0.9619777, 0.9620729, 0.9621297, 0.9619748, 0.9616468, 0.9611296, 0.9609336, 0.9607011, 0.9598944, 0.9593561, 0.9588333, 0.958125, 0.9576001, 0.9570487, 0.9566927, 0.9560185, 0.9553581, 0.9550057, 0.9544491, 0.9537783, 0.9534951, 0.9530337, 0.9530251, 0.9528993, 0.9526564, 0.9525964, 0.9523259, 0.9528041, 0.953394, 0.9536534, 0.9539195, 0.9539233, 0.9540053, 0.954555, 0.9546152, 0.9547001, 0.9548166, 0.954999, 0.9552798, 0.9561724, 0.9563627, 0.9566191, 0.9573225, 0.9579832, 0.9583397, 0.9586387, 0.9592074, 0.9595268, 0.9603015, 0.9603802, 0.9603082, 0.9600701, 0.9597763, 0.9594885, 0.9596333, 0.959784, 0.9594127, 0.9593225, 0.9593781, 0.9591757, 0.9591536, 0.959004, 0.9585889, 0.9586167, 0.9585659, 0.9576767, 0.957065, 0.9563809, 0.9559048, 0.9552693, 0.9546362, 0.9543718, 0.9540836, 0.9531652, 0.9533321, 0.9534446, 0.9535027, 0.9537192, 0.9535466, 0.954305, 0.9543966, 0.9539328, 0.9540368, 0.9544968, 0.9544939, 0.9550429, 0.954957, 0.9558933, 0.9563541, 0.9568229, 0.9574086, 0.9579756, 0.9583665, 0.959099, 0.9598435, 0.9604926, 0.9605829, 0.9610537, 0.9607625, 0.9615738, 0.9617834, 0.9623366, 0.9622096, 0.962429, 0.9620835, 0.9619508, 0.9614872, 0.9619912, 0.961693, 0.9611642, 0.9608922, 0.9611315, 0.9603946, 0.959905, 0.9590645, 0.9584163, 0.9573253, 0.9566449, 0.9560491, 0.9548939, 0.9550362, 0.9544729, 0.9538079, 0.9532434, 0.952685, 0.9529089, 0.9530566, 0.9527974, 0.9527659, 0.9523468, 0.9524202, 0.9525859, 0.9527031, 0.9528851, 0.9527707, 0.9532272, 0.9536601, 0.9540006, 0.9544099, 0.9553247, 0.9552894, 0.9560501, 0.9572219, 0.9579679, 0.9580235, 0.9584499, 0.9583282, 0.9585151, 0.9582534, 0.9586426, 0.9583895, 0.958171, 0.9583272, 0.9576873, 0.9584087, 0.9580484, 0.9577572, 0.9574747, 0.9571109, 0.9570047, 0.9566325, 0.9563647, 0.9559822, 0.9552788, 0.9548176, 0.9542906, 0.953806, 0.9538937, 0.9534875, 0.9534875, 0.9530594, 0.9527802, 0.9532224, 0.9537964, 0.9539386, 0.9539796, 0.9543183, 0.9548166, 0.9552683, 0.9561648, 0.955834, 0.9567004, 0.9566507, 0.957534, 0.9577486, 0.9581001, 0.9585908, 0.9590386, 0.9590213, 0.9590856, 0.9591546, 0.9590117, 0.9592908, 0.9591575, 0.9588266, 0.9580628, 0.9580503, 0.957153, 0.9570803, 0.9566248, 0.9559353, 0.955106, 0.95445, 0.9536629, 0.9530451, 0.952725, 0.9526154, 0.9519117, 0.9516718, 0.9510715, 0.9509165, 0.9510278, 0.9507644, 0.9513559, 0.9511571, 0.9513474, 0.9518489, 0.9521383, 0.9524135, 0.9527126, 0.9530861, 0.9533511, 0.9538718, 0.9543622, 0.9551671, 0.9555722, 0.9556429, 0.9556046, 0.9555339, 0.9558837, 0.9562843, 0.9562575, 0.9562097, 0.9559124, 0.9555846, 0.9552846, 0.9547393, 0.9541275, 0.9536582, 0.9528279, 0.9521345, 0.9514644, 0.9508281, 0.9504184, 0.9499661, 0.9496612, 0.9493517, 0.9490583, 0.9488733, 0.9485441, 0.9482065, 0.9478927, 0.9480842, 0.9481145, 0.9479723, 0.9482463, 0.9484796, 0.9484132, 0.9486333, 0.9490213, 0.9492273, 0.9484265, 0.948123, 0.9487044, 0.9488126, 0.9481638, 0.9475704, 0.9474397, 0.9470873, 0.946576, 0.9459562, 0.9457396, 0.9452385, 0.9443107, 0.9437679, 0.9435395, 0.9426417, 0.9425984, 0.9421592, 0.9421262, 0.9426116, 0.9419859, 0.941322, 0.9410961, 0.9416506, 0.9417014, 0.9421215, 0.9427445, 0.9430038, 0.9433546, 0.9441738, 0.9448331, 0.945074, 0.945333, 0.9456611, 0.9460385, 0.9465277, 0.9474444, 0.9478822, 0.9483079, 0.948289, 0.9480624, 0.9480671, 0.9477069, 0.9473971, 0.947129, 0.9471574, 0.9470248, 0.9470418, 0.9471659, 0.9469377, 0.9471678, 0.9473506, 0.9476529, 0.9480055, 0.9482321, 0.9482937, 0.9487148, 0.9491039, 0.9498103, 0.9502673, 0.9509831, 0.9519441, 0.9525573, 0.9529575, 0.9531223, 0.95317, 0.9529775, 0.9529803, 0.953272, 0.9534846, 0.9534865, 0.953681, 0.9537612, 0.9534264, 0.9528279, 0.9520269, 0.9513892, 0.9513845, 0.9510963, 0.9510354, 0.9513407, 0.9519041, 0.9521783, 0.952523, 0.9528307, 0.9532072, 0.9537955, 0.954325, 0.9550744, 0.9558082, 0.9565005, 0.9570688, 0.9575044, 0.9582218, 0.9582496, 0.9584978, 0.9582026, 0.9583282, 0.9579459, 0.9575953, 0.9569339, 0.9562528, 0.9558952, 0.9551976, 0.9549608, 0.9548309, 0.9545397, 0.9544109, 0.9544147, 0.9545292, 0.9546963, 0.9549913, 0.9552903, 0.9561141, 0.9568583, 0.9579679, 0.9585946, 0.9592246, 0.9599971, 0.9604283, 0.9606146, 0.9607135, 0.9601546, 0.9602506, 0.9603946, 0.9603418, 0.9602467, 0.9597744, 0.9597917, 0.958982, 0.9583809, 0.9578194, 0.9578759, 0.957874, 0.9582927, 0.9586052, 0.9591709, 0.9597658, 0.9595681, 0.9601085, 0.960506, 0.9608308, 0.9610191, 0.9615449, 0.9617142, 0.9617873, 0.9617324, 0.9616776, 0.961344, 0.9609912, 0.9605762, 0.9600643, 0.9595345, 0.9594501, 0.9591863, 0.9589379, 0.9585515, 0.9587403, 0.9586033, 0.9585131, 0.9588084, 0.9591134, 0.9592361, 0.9598013, 0.9602746, 0.9608163, 0.961419, 0.9618796, 0.962072, 0.9618959, 0.9614728, 0.9611229, 0.9611613, 0.960997, 0.9605723, 0.9601584, 0.9592486, 0.9581451, 0.957175, 0.9564364, 0.9559774, 0.9558197, 0.9562537, 0.9569205, 0.9573521, 0.9576039, 0.9576786, 0.9578357, 0.9582573, 0.9590597, 0.9596036, 0.9602573, 0.960264, 0.9599462, 0.9591613, 0.9582908, 0.957558, 0.9567597, 0.9562193, 0.9559373, 0.9558866, 0.9556543, 0.9555349, 0.9554422, 0.955319, 0.9556113, 0.9560768, 0.956753, 0.9573445, 0.957626, 0.9573464, 0.9566373, 0.9556744, 0.9549694, 0.9545321, 0.953847, 0.9531281, 0.9525678, 0.9519022, 0.9512399, 0.9507568, 0.9507016, 0.9508785, 0.9515957, 0.9525573, 0.9531786, 0.9536562, 0.9537659, 0.9536801, 0.9537488, 0.9538661, 0.9539204, 0.9538956, 0.953414, 0.952423, 0.9512846, 0.9504925, 0.9501133, 0.9502027, 0.9505438, 0.9503775, 0.9496374, 0.9489113, 0.9484938, 0.9486418, 0.9493839, 0.9500031, 0.9500953, 0.9498131, 0.9491798, 0.9486646, 0.9483516, 0.9481771, 0.9481401, 0.9479107, 0.9474132, 0.9467294, 0.9462031, 0.9463754, 0.9471868, 0.94805, 0.9486181, 0.9487167, 0.9485934, 0.94849, 0.9486551, 0.9491979, 0.9493327, 0.9484123, 0.9468013, 0.9451979, 0.9441455, 0.9437264, 0.9435395, 0.9434414, 0.9432358, 0.9430943, 0.9432339, 0.9435707, 0.9441209, 0.9446489, 0.9446177, 0.943952, 0.9432273, 0.9428218, 0.943133, 0.9433358, 0.9429274, 0.942049, 0.9413653, 0.9417485, 0.9429962, 0.9441398, 0.944646, 0.9446243, 0.9443136, 0.944104, 0.9438783, 0.9432584, 0.9423872, 0.9410547, 0.9396555, 0.9381785, 0.9366262, 0.9349025, 0.9330803, 0.9319408, 0.9318318, 0.932199, 0.9325785, 0.9325085, 0.9319324, 0.9313604, 0.9314768, 0.9322596, 0.9326633, 0.9317963, 0.9302239, 0.9292746, 0.9291073, 0.929151, 0.928551, 0.9279949, 0.927558, 0.9262973, 0.9247008, 0.9228099, 0.9212194, 0.9184425, 0.9126024, 0.9035905, 0.8920617, 0.8788755, 0.8653441, 0.852091, 0.8381409, 0.8217731, 0.8022789, 0.781776, 0.7633658, 0.745729, 0.7245098, 0.6945744, 0.6558062, 0.6101759, 0.5610182, 0.5101768, 0.4565856, 0.3977121, 0.3324606, 0.2639348, 0.2004094, 0.1492796, 0.1133782, 0.08847343, 0.07031529, 0.05630438, 0.04723978, 0.04017409, 0.03712228, 0.03178897, 0.02963901, 0.02541309, 0.02230302, 0.01968487, 0.01707841, 0.01797972, 0.01264599, 0.01236994, 0.006618987, 0.002549245, 4.539993e-05, 0.007770918, 4.539993e-05, 4.539993e-05, 4.539993e-05, 4.539993e-05, 0.007778903, 0.005946657, 0.01722554, 0.01372478, 0.01785949, 0.01565785, 0.01803421, 0.01685326, 4.539993e-05, 0.01150887, 0.01268045, 0.01118882, 0.002553807, 0.01181241, 4.539993e-05, 0.01134665, 0.004661691, 0.005943631, 0.01320719, 0.01902843, 0.02216788, 0.0253722, 0.02575947, 0.02822201, 0.03104024, 0.03260548, 0.03588335, 0.03772022, 0.04053101, 0.0426326, 0.04945506, 0.05782026, 0.06488343, 0.07307112, 0.08048262, 0.08700228, 0.09370647, 0.1023134, 0.1123921, 0.1225011, 0.1305941, 0.1365766, 0.1407673, 0.1430278, 0.1438238, 0.1436926, 0.1434095, 0.1427329, 0.1437195, 0.1471738, 0.1516353, 0.1562662, 0.1619457, 0.1698228, 0.1799907, 0.1935644, 0.2111381, 0.2324005, 0.2548156, 0.2777383, 0.3019808, 0.3266742, 0.3547915, 0.3914353, 0.4371555, 0.4834608, 0.5340755, 0.584412, 0.6330012, 0.6783418, 0.7194732, 0.754457, 0.7832424, 0.8072071, 0.8266268, 0.844275, 0.8604816, 0.8748656, 0.8867147, 0.8961818, 0.9032851, 0.9081761, 0.9107061, 0.9104139, 0.9072656, 0.9020548, 0.8956577, 0.8894811, 0.8843096, 0.8808367, 0.8789678, 0.878705, 0.8785987, 0.8778048, 0.8750852, 0.8700392, 0.8628107, 0.8538079, 0.8435602, 0.8325117, 0.8207268, 0.8084059, 0.7956396, 0.7819519, 0.7664322, 0.747989, 0.726075, 0.7002779, 0.6713397, 0.6396558, 0.6055356, 0.5693875, 0.5312652, 0.4917111, 0.4509738, 0.4087887, 0.3654192, 0.3215414, 0.2781363, 0.2364979, 0.1974912, 0.1620554, 0.130198, 0.1027581, 0.0795498, 0.05990688, 0.04369656, 0.03094911, 0.02163984, 0.01516799, 0.005966976, 4.539993e-05, 4.539993e-05, 4.539993e-05, 4.539993e-05, 0.006313273, 4.539993e-05, 4.539993e-05, 4.539993e-05, 4.539993e-05, 4.539993e-05, 4.539993e-05, 4.539993e-05, 4.539993e-05, 4.539993e-05, 4.539993e-05, 4.539993e-05, 4.539993e-05, 4.539993e-05, 4.539993e-05, 4.539993e-05, 4.539993e-05, 4.539993e-05, 4.539993e-05, 4.539993e-05, 4.539993e-05, 4.539993e-05, 4.539993e-05, 4.539993e-05, 4.539993e-05, 4.539993e-05, 4.539993e-05, 4.539993e-05, 4.539993e-05, 4.539993e-05, 4.539993e-05, 4.539993e-05, 4.539993e-05, 4.539993e-05, 4.539993e-05, 4.539993e-05, 4.539993e-05, 4.539993e-05, 4.539993e-05, 4.539993e-05, 4.539993e-05, 4.539993e-05, 4.539993e-05, 4.539993e-05, 4.539993e-05, 4.539993e-05, 4.539993e-05, 4.539993e-05, 4.539993e-05, 4.539993e-05, 4.539993e-05, 4.539993e-05, 4.539993e-05, 4.539993e-05, 4.539993e-05, 4.539993e-05, 4.539993e-05, 4.539993e-05, 4.539993e-05, 4.539993e-05, 4.539993e-05, 4.539993e-05, 4.539993e-05, 4.539993e-05, 0.003471068, 4.539993e-05, 4.539993e-05, 4.539993e-05, 4.539993e-05, 4.539993e-05, 4.539993e-05, 4.539993e-05, 4.539993e-05, 4.539993e-05, 4.539993e-05, 4.539993e-05, 4.539993e-05, 4.539993e-05, 4.539993e-05, 4.539993e-05, 4.539993e-05, 4.539993e-05, 4.539993e-05, 4.539993e-05, 4.539993e-05, 4.539993e-05, 4.539993e-05, 4.539993e-05, 4.539993e-05, 4.539993e-05, 4.539993e-05, 4.539993e-05, 4.539993e-05, 4.539993e-05, 4.539993e-05, 4.539993e-05, 4.539993e-05, 4.539993e-05, 4.539993e-05, 4.539993e-05, 4.539993e-05, 0.002569305, 4.539993e-05, 4.539993e-05, 4.539993e-05, 4.539993e-05, 4.539993e-05, 4.539993e-05, 4.539993e-05, 4.539993e-05, 4.539993e-05, 4.539993e-05, 4.539993e-05, 4.539993e-05, 4.539993e-05, 4.539993e-05, 4.539993e-05, 4.539993e-05, 4.539993e-05, 4.539993e-05, 4.539993e-05, 4.539993e-05, 4.539993e-05, 4.539993e-05, 4.539993e-05, 0.005125921
