2.0759147903205912	0.0006781836875711937
2.079838120982447	0.0012756730133756822
2.084565737383039	0.002464547134964254
2.08931489514905	0.004475044833917089
2.094085741846391	0.006407974532389582
2.098878426391894	0.008971258917681692
2.1036930990688103	0.011041692247124197
2.108529911542517	0.014669199007899831
2.11338901687644	0.01797246163473613
2.1182705695482036	0.021765467075502927
2.1231747254659994	0.024947095467490313
2.1281016419851855	0.02844247944475022
2.1330514779251155	0.03139122182890978
2.1380243935862064	0.03499303816845898
2.143020550767239	0.037995101199085515
2.1480401127829127	0.04102424949491571
2.153083244481633	0.04385583134429569
2.158150112263562	0.047105332907722244
2.1632408840989226	0.05010096433566468
2.168355729546556	0.0533428261868914
2.173494819772745	0.05737656189748677
2.178658327570317	0.062135897512015044
2.183846427378002	0.06684812666045414
2.1890592953000785	0.07145925352604274
2.1942971091263015	0.07650930230063724
2.199560048352116	0.08150863244604037
2.204553835751654	0.08794255556969327
2.2095703501137223	0.0941694020366766
2.21490689799599	0.10175838838878593
2.2199706943837354	0.1089447534953151
2.2250576978795675	0.11645550580794263
2.229866808634455	0.12417178639375373
2.2343942682691664	0.13187429639128453
2.2394261362174097	0.13996975962121455
2.2436875307932094	0.14899792789124994
2.2481432995051347	0.15779912557726222
2.251460465372737	0.16580569741714202
2.254787434751827	0.17374628499613518
2.25798385004346	0.18237683553363157
2.2614146292590496	0.19179041853680154
2.264673811131279	0.20123646372856735
2.267231309083476	0.20944628310511867
2.2691012399478003	0.21720318072031178
2.2716687531411126	0.226908660812286
2.2741028352866484	0.2369632205418425
2.2766119105362757	0.2454556090028007
2.277554241763951	0.2538091514585787
2.280385921843492	0.2623435040775032
2.282277623612656	0.2734797263126478
2.2846897880472703	0.2855475767662038
2.286387097084999	0.2949753460784189
2.2879716071119094	0.3034176765658696
2.2898759205299237	0.3133456933839546
2.2912267282790566	0.32248798007663776
2.2933298910803286	0.33199377485081616
2.294411394738028	0.3414514011984712
2.2965204108312305	0.3515737542684551
2.2980047431635713	0.3602356676674149
2.2997198203609894	0.37022068868081476
2.3014400060625104	0.37921651322905514
2.3031117607963787	0.38926395862713936
2.3046620852721653	0.39796085959639743
2.3065137218041945	0.40786081008518943
2.307884236161791	0.4168062090328588
2.31001810488406	0.42615234274359265
2.3112502380306266	0.4347497715420458
2.3132552602096252	0.4451667127586474
2.314761311250241	0.4535720666620635
2.3164395827985267	0.46289196632478463
2.3182468932286566	0.4713953107566782
2.320129490136527	0.48322062169253094
2.3226223738862926	0.49537588118477255
2.3247038728328806	0.5057437962536708
2.327206601547153	0.5153459002143301
2.3292963289294186	0.5256240858095632
2.3318089610435755	0.5347563026038976
2.33390696575025	0.5443063692524159
2.336219135703644	0.5527456879342025
2.3368805973864717	0.560132721861574
2.3394473031653753	0.5670852952359264
2.3411892451509786	0.5753624041551948
2.3431832151268868	0.5822974137015099
2.345180584490872	0.5898616357712756
2.347849046622051	0.5971183544995168
2.3498543817782322	0.6032312574401925
2.3531432387032156	0.6103235282212339
2.35656364321665	0.6169280062744631
2.360101365397358	0.6230833556561745
2.3643268135078808	0.6293903303518787
2.370097763161245	0.6313425513117257
2.3762389664666554	0.6287270205518677
2.3824120776156175	0.620534095437164
2.387926275855181	0.6082853240209484
2.3913856308087755	0.5978666278703979
2.3947778163657114	0.5873484152802939
2.3976377938144253	0.5790204430288571
2.4002176203843284	0.5703616654161662
2.4060250432104953	0.560930812439498
2.412354089898387	0.556787086966497
2.4187809597111602	0.5590270277280932
2.4228977896253836	0.5638898462180365
2.426181906712892	0.5713157328156853
2.4282340436813623	0.5784228789690438
2.43090602297736	0.5851737210819662
2.4329761235569096	0.5942550361296776
2.4354375260375685	0.6023155833289316
2.436807125061314	0.6098378422411396
2.4394479446528363	0.6184505131103042
2.4408908056507452	0.624441165417233
2.4418837630778514	0.6312791940178649
2.443321288502221	0.6399192134883572
2.4452296477614204	0.6491074501223592
2.446472151565973	0.6551615487791641
2.447923336217757	0.6619590893283789
2.44958394248804	0.6691818896218065
2.4506749403191708	0.6754116757752208
2.4517669104024535	0.6824808374453214
2.453224385153371	0.6897106121354798
2.4546835937527725	0.6967002130699909
2.4557791399024227	0.7032078862990906
2.4568756643918284	0.7107167036315261
2.4583392211726385	0.7182090821052586
2.459621264461602	0.7264177260487712
2.4609046456396535	0.7330697069476496
2.462005753088101	0.7407368642306543
2.463475430048781	0.7485968620017502
2.464946862684079	0.756491440975591
2.465683238363126	0.7635050391529841
2.4670651292777905	0.7721288624904329
2.4690023808547257	0.7793005010284484
2.4701107483606406	0.7866962906847835
2.4708502130419636	0.7944796236547261
2.472330471419356	0.8019912010448327
2.4738125044719927	0.8093740099153132
2.4747661786282498	0.8177957242236071
2.4764103422358543	0.8248003076434262
2.4775253722832704	0.832068427831173
2.479013641897574	0.839649661352027
2.4801310180327256	0.8468235042691384
2.4812494019012874	0.8542905605351236
2.4827421503357012	0.8617095466028273
2.4842366959608904	0.8690006803758831
2.4849846437345744	0.8756653767816716
2.4864818912375046	0.8828157841585559
2.4879809440647453	0.8895157545557566
2.4894818054834533	0.8959284096140825
2.4903695295818467	0.90422219455962
2.4926144232765197	0.9119939444014185
2.4943182910225077	0.9174533308106635
2.495168105397155	0.9240112830416178
2.4965098354788955	0.9308895000656512
2.498093013892859	0.9362876863850158
2.499822409279915	0.9426827718011566
2.500417442096276	0.949466883922427
2.501806954224159	0.9547574364013831
2.5039152207175626	0.9605402873429132
2.5056043939867148	0.9665635971966489
2.507634412727159	0.9736366411847805
2.510303809569773	0.9794446259906432
2.5130639123990135	0.9858224951969112
2.5167250820114213	0.9921358740365129
2.5202686665371914	0.9966872025447914
2.52535808704778	1.0
2.5322537303198986	0.997006091779038
2.5380506112882797	0.9870978591920087
2.541682217560401	0.9773208056366978
2.5456176295683552	0.9660973563520846
2.5478878022854854	0.9550803308346055
2.5508407074423176	0.9439846156195645
2.553405434007027	0.9335796146326177
2.5550992856499377	0.9249301480234827
2.5569085395131363	0.9144845185461349
2.5592445645452377	0.9044914967996242
2.5605347448861	0.8950479500649372
2.561329348783745	0.8879305362814545
2.5628316136214324	0.8779191235332012
2.565044030627468	0.8673711332317391
2.565841436134429	0.858394916544716
2.566816716409735	0.8490755857180394
2.5684142298248798	0.838851808070231
2.5700026184417526	0.8288944620521892
2.571437186945851	0.8186272495892694
2.572651603148973	0.8082890328748145
2.574256390023298	0.7947190901547119
2.5762913002033305	0.7825670411614505
2.5769232981980306	0.7715390914517931
2.5773256402092075	0.7620138813272269
2.5787572076560537	0.7520423555500904
2.5797423331376117	0.7421075405688085
2.5809523799527816	0.7343785265196819
2.5814456874951692	0.7269893420355986
2.582522649693417	0.7166924493241461
2.5827022307633922	0.7083432327521961
2.5838611289916127	0.7024594291517026
2.585398946952476	0.6908675960578362
2.586749417972608	0.6816899108240675
2.5869183260551925	0.6766265573911471
2.5874251826800405	0.6686557435963212
2.5879783437507515	0.6602737692586725
2.5894545969123586	0.6467509574185455
2.590267254262453	0.6540746721756551
2.591080421850722	0.6319517584415861
2.5914871971343647	0.6395451457435859
2.5921654398364855	0.623681500221624
2.5927082896651514	0.6156011844130733
2.5927082896651514	0.6081295275518223
2.5936711733552777	0.6013116324095303
2.5940664094868042	0.5931438446952005
2.595153930210028	0.586299209641784
2.596242363166923	0.5782870754475872
2.596638383367314	0.5712443356826853
2.5978767255527857	0.5630219101978597
2.598273244546107	0.5554890371856773
2.5988310542163116	0.5479084433807415
2.599877076135323	0.5401139379267049
2.600059078951912	0.5335687355318797
2.6012882647923736	0.5259183349725177
2.6025186133852216	0.5126597498921734
2.603339492569006	0.5192991648479456
2.6037957603567454	0.5014677686841554
2.604571782752141	0.49366958969040625
2.605085581374596	0.4872358077936234
2.605805240096332	0.4804730708591788
2.606628194234398	0.472674517836387
2.608425536056797	0.4584706412130866
2.60868785551739	0.466367375543883
2.6093751327881685	0.4453836294822452
2.610750774310828	0.45192136519544995
2.6108425353191897	0.4331548878645271
2.61116374965094	0.43944396932852753
2.611852332296634	0.426884337115331
2.612403459949601	0.4192763580206032
2.6144722617682743	0.40734648718696187
2.6144722617682743	0.41304244079790764
2.615037049240421	0.3986096075181124
2.6173740951641227	0.3878024286890969
2.6182043739386582	0.3784689471160135
2.61994967510909	0.366665928020344
2.6208496780520587	0.3564957076234564
2.6223636817504317	0.34472573843418974
2.624031107439908	0.33315965328408464
2.625548790108503	0.32164086344091725
2.6274918149924433	0.311892878299117
2.628208963445788	0.3021034861060965
2.6306022882021005	0.29186551157811674
2.631141387101391	0.281487726453394
2.632999975795852	0.2709719116744896
2.634360606580259	0.2614110771984615
2.6361836523812987	0.2513432849577734
2.6370259094242234	0.2405923613282378
2.6383746407213113	0.22870136788220663
2.639133908538475	0.234305132096478
2.6399780521436886	0.2186995432066042
2.6413861588131096	0.210467757904103
2.641761907650179	0.20497777895911523
2.641837070246421	0.19827927618077637
2.643171918409875	0.18952646566648157
2.6442068832844017	0.1742687444740017
2.644812108218834	0.1798663379367442
2.6464324475715455	0.16988974132762533
2.6474453066574193	0.15914728483948548
2.649420887701314	0.14947924634479215
2.6501500584254782	0.14059584179286147
2.6522791007208983	0.13078591429824907
2.6534030646102664	0.11988402380170982
2.655387550607545	0.11047134686122086
2.656120009760796	0.1025580633243591
2.6577236737695715	0.09457372589750204
2.6591150831134773	0.08719269024397762
2.6602935679201214	0.07994984700186782
2.6625463056533545	0.07028303781083393
2.6652689765941275	0.06099371090311654
2.6677097748658176	0.05271229991759078
2.669694418618823	0.045128136660052616
2.672460579475857	0.0353857005652857
2.676360205654581	0.028564288117736435
2.6790532418718778	0.02131380252523385
2.685503742443943	0.016025258130188267
2.6933909316045566	0.012031483284010573
2.7013245857848003	0.009435411301926615
2.7093051167998996	0.005879144973054837
2.717332941346005	0.0019776718270499536
3.8651412067598647	0.00021300459929431495
3.881500408278692	0.0007108353982963596
3.897998678975232	0.0009269077382596515
3.9146377997547934	0.001308617036340594
3.931419582061155	0.001532579632019785
3.948345868533968	0.0015860674633221042
3.965418533683218	0.0015724395917770281
3.9826394845812403	0.0015588705200838973
4.000010661572873	0.0019995935753525616
4.017534039004257	0.002110839545634035
4.035211625970887	0.0020923855864901624
4.053045467085489	0.0020266101137993054
4.071037643266362	0.0020557207317346976
4.089190272546803	0.002037509836123104
4.107505510906285	0.0020193799616889377
4.125985553124079	0.002001331108432194
